%YAML:1.0
---
K: !!opencv-matrix
   rows: 3
   cols: 3
   dt: d
   data: [ 7.9635535520260362e+02, 0., 6.1308983451395682e+02, 0.,
       7.9534198130449988e+02, 3.4359643131480516e+02, 0., 0., 1. ]
D: !!opencv-matrix
   rows: 1
   cols: 5
   dt: d
   data: [ -5.0760404025644301e-02, -3.7443775832614067e-02,
       -4.2579942177306020e-03, 6.4223808060666614e-03,
       2.4466750050578395e-01 ]
